probability£º
[[4.41001151e-28 9.13061900e-01 8.69380998e-02]
 [6.87825534e-01 1.89324601e-01 1.22849866e-01]
 [4.66616877e-01 2.48621933e-01 2.84761190e-01]
 [3.77787715e-01 1.75007401e-01 4.47204884e-01]
 [2.70032705e-01 1.25501077e-01 6.04466218e-01]
 [1.86958915e-01 8.32619789e-02 7.29779106e-01]
 [1.28490199e-01 5.40593247e-02 8.17450477e-01]
 [9.14397325e-02 3.54917227e-02 8.73068545e-01]
 [6.93479499e-02 2.44278724e-02 9.06224178e-01]
 [5.66667145e-02 1.80761049e-02 9.25257181e-01]
 [4.95439670e-02 1.45085646e-02 9.35947468e-01]
 [4.55922840e-02 1.25292910e-02 9.41878425e-01]
 [4.34148558e-02 1.14386870e-02 9.45146457e-01]
 [4.22195909e-02 1.08400170e-02 9.46940392e-01]
 [4.15648298e-02 1.05120681e-02 9.47923102e-01]
 [1.56616200e-02 9.39828729e-02 8.90355507e-01]
 [7.87364717e-02 1.80364868e-02 9.03227042e-01]
 [5.59423408e-02 1.89937372e-02 9.25063922e-01]
 [4.98286816e-02 1.45048618e-02 9.35666457e-01]
 [1.70872150e-02 1.12685432e-01 8.70227353e-01]
 [8.95477241e-02 2.12907735e-02 8.89161502e-01]
 [6.09232973e-02 2.17472427e-02 9.17329460e-01]
 [5.27535295e-02 1.59397041e-02 9.31306766e-01]
 [4.72741460e-02 1.33917915e-02 9.39334063e-01]
 [4.43509993e-02 1.19052868e-02 9.43743714e-01]
 [4.27318656e-02 1.10968581e-02 9.46171276e-01]
 [4.18454713e-02 1.06526031e-02 9.47501926e-01]
 [3.38795083e-02 1.31280721e-01 8.34839770e-01]
 [1.05364254e-01 2.78282906e-02 8.66807455e-01]
 [1.46272457e-02 9.85254300e-01 1.18454426e-04]
 [1.88344907e-01 8.10299504e-01 1.35558858e-03]
 [7.34760074e-01 2.35113112e-01 3.01268141e-02]
 [5.52690282e-01 2.89112655e-01 1.58197063e-01]
 [4.70963397e-01 2.21813625e-01 3.07222978e-01]
 [6.40518027e-02 7.25992922e-01 2.09955276e-01]
 [5.52212036e-01 1.60588812e-01 2.87199152e-01]
 [9.59916118e-02 7.66726780e-01 1.37281608e-01]
 [6.13838065e-01 1.83559723e-01 2.02602212e-01]
 [6.35059742e-02 7.92530578e-01 1.43963448e-01]
 [6.15236983e-01 1.78706982e-01 2.06056035e-01]
 [9.92742219e-02 8.00680085e-01 1.00045693e-01]
 [6.50488385e-01 1.94779099e-01 1.54732515e-01]
 [4.45574805e-01 2.33405057e-01 3.21020138e-01]
 [1.04143562e-01 7.42018005e-01 1.53838433e-01]
 [5.95565579e-01 1.79561083e-01 2.24873338e-01]
 [3.94445561e-01 2.04916635e-01 4.00637804e-01]
 [3.01561452e-01 1.38164300e-01 5.60274248e-01]
 [2.08672497e-01 9.45571260e-02 6.96770377e-01]
 [1.43287557e-01 6.14180522e-02 7.95294390e-01]
 [1.00529508e-01 4.00508654e-02 8.59419627e-01]
 [7.46733309e-02 2.70944387e-02 8.98232230e-01]
 [5.96912091e-02 1.95910638e-02 9.20717727e-01]
 [1.88072279e-02 1.34889203e-01 8.46303569e-01]
 [1.02588618e-01 2.52193668e-02 8.72192015e-01]
 [6.70145395e-02 2.51140619e-02 9.07871399e-01]
 [2.03666657e-02 1.53140826e-01 8.26492508e-01]
 [1.13519845e-01 2.85292493e-02 8.57950906e-01]
 [7.21997021e-02 2.79776036e-02 8.99822694e-01]
 [5.94426626e-02 1.92215552e-02 9.21335782e-01]
 [5.09615140e-02 1.52466020e-02 9.33791884e-01]
 [4.63909518e-02 1.29261262e-02 9.40682922e-01]
 [4.38523771e-02 1.16581899e-02 9.44489433e-01]
 [1.60669005e-02 9.92528506e-02 8.84680249e-01]
 [8.17687951e-02 1.89496498e-02 8.99281555e-01]
 [5.73335213e-02 1.97627327e-02 9.22903746e-01]
 [5.06436881e-02 1.49046858e-02 9.34451626e-01]
 [4.61174568e-02 1.28099427e-02 9.41072600e-01]
 [4.37129929e-02 1.15860152e-02 9.44700992e-01]
 [4.23819978e-02 1.09215880e-02 9.46696414e-01]
 [4.16538593e-02 1.05566344e-02 9.47789506e-01]
 [1.56774314e-02 9.41885173e-02 8.90134051e-01]
 [7.88545760e-02 1.80720527e-02 9.03073371e-01]
 [5.59964366e-02 1.90236395e-02 9.24979924e-01]
 [4.98603460e-02 1.45203956e-02 9.35619258e-01]
 [3.64994888e-02 1.54905199e-01 8.08595313e-01]
 [4.01249066e-02 2.58796230e-01 7.01078863e-01]
 [1.97273258e-02 9.80221768e-01 5.09064354e-05]
 [7.76423775e-01 2.17808375e-01 5.76784989e-03]
 [5.68045277e-01 3.04481196e-01 1.27473527e-01]
 [7.36452912e-02 8.28005673e-01 9.83490358e-02]
 [6.58475794e-01 1.92859401e-01 1.48664805e-01]
 [4.49241023e-01 2.36344784e-01 3.14414193e-01]
 [3.57055764e-01 1.65230954e-01 4.77713282e-01]
 [2.52826694e-01 1.16789278e-01 6.30384028e-01]
 [8.05620782e-02 5.47485131e-01 3.71952791e-01]
 [4.08003714e-01 1.21341528e-01 4.70654758e-01]
 [2.43911943e-01 1.22166750e-01 6.33921306e-01]
 [1.74354747e-01 7.56847611e-02 7.49960492e-01]
 [1.19482565e-01 4.97033654e-02 8.30814070e-01]
 [8.60620401e-02 3.27797038e-02 8.81158256e-01]
 [6.62180118e-02 2.28623397e-02 9.10919649e-01]
 [5.48994097e-02 1.71906709e-02 9.27909919e-01]
 [4.85600811e-02 1.40157958e-02 9.37424123e-01]
 [4.50491722e-02 1.22572604e-02 9.42693567e-01]
 [4.31164212e-02 1.12892110e-02 9.45594368e-01]
 [4.20560197e-02 1.07580893e-02 9.47185891e-01]
 [4.14753011e-02 1.04672260e-02 9.48057473e-01]
 [4.11575971e-02 1.03080982e-02 9.48534305e-01]
 [4.09838812e-02 1.02210895e-02 9.48795029e-01]
 [4.08889245e-02 1.01735287e-02 9.48937547e-01]]

path:
[2, 2, 2, 2, 2, 2, 2, 2, 2, 2, 2, 2, 2, 2, 2, 2, 2, 2, 2, 2, 2, 2, 2, 2, 2, 2, 0, 1, 0, 1, 1, 0, 2, 2, 2, 2, 2, 2, 2, 2, 2, 2, 2, 2, 2, 2, 2, 2, 2, 2, 2, 2, 2, 2, 2, 2, 2, 2, 2, 2, 2, 2, 2, 2, 2, 2, 2, 2, 2, 2, 2, 2, 2, 0, 1, 1, 1, 0, 2, 2, 2, 2, 2, 2, 2, 2, 2, 2, 2, 2, 2, 2, 2, 2, 2, 2, 2, 2, 2, 2]

precise:  0.665

mean:
 [2.9  2.88 2.92 2.99 2.9  2.98 3.   2.95 2.96 2.95 3.   2.87 3.05 2.97
 2.94 2.93 3.02 2.96 2.94 3.05 3.01 2.99 3.01 2.9  2.97 2.98 2.99 3.16]

std:  
[0.41231056 0.552811   0.48332184 0.53842363 0.5        0.46861498
 0.50990195 0.51720402 0.5083306  0.35707142 0.50990195 0.55955339
 0.49749372 0.62377881 0.74592225 0.6819824  0.52877216 0.48826222
 0.67557383 0.55452683 0.59152346 0.64023433 0.53842363 0.60827625
 0.68490875 0.56533176 0.68549252 0.74458042]




